[PauseOverlay.png]
filters=Lomo=1,100.000000,0.000000;Comicize=1,20.000000,50.000000,50.000000;
moddate=0000d88644ce0000
width=1024
height=768
textactive=0
